0.8         3.31615    0.367922
0.794872    3.32738    0.374404
0.789809    3.33888    0.381033
0.78481     3.35066    0.387816
0.779874    3.36275    0.394758
0.775       3.37517    0.401865
0.770186    3.38793    0.409143
0.765432    3.40107    0.416601
0.760736    3.41461    0.424245
0.756098    3.42858    0.432085
0.751515    3.44302    0.440131
0.746988    3.45797    0.448395
0.742515    3.47349    0.456888
0.738095    3.48962    0.465628
0.733728    3.50644    0.474632
0.729412    3.52403    0.483922
0.725146    3.54247    0.493525
0.72093     3.56188    0.503475
0.716763    3.5824    0.513815
0.712644    3.60418    0.524599
0.708571    3.62743    0.5359
0.704545    3.6524    0.547815
0.700565    3.6794    0.560476
0.696629    3.70884    0.574071
0.692737    3.74124    0.588869
0.688889    3.77728    0.605269
0.685083    3.81788    0.623881
0.681319    3.86427    0.645676
0.677596    3.91816    0.672263
0.673913    3.98187    0.706439
0.67027     4.05851    0.753342
0.666667    4.15152    0.822962
0.663102    4.26176    0.935575
0.659574    4.37276    1.13078
0.656085    4.39892    1.45533
0.652632    4.15928    1.80182
0.649215    3.76919    1.84956
0.645833    3.56517    1.71351
0.642487    3.46999    1.61658
0.639175    3.38859    1.5146
0.635897    3.36736    1.389
0.632653    3.40932    1.29047
0.629442    3.48104    1.23609
0.626263    3.56209    1.2201
0.623116    3.64453    1.23618
0.62        3.72449    1.28257
0.616915    3.79675    1.36171
0.613861    3.85044    1.47789
0.610837    3.86519    1.63112
0.607843    3.81325    1.8047
0.604878    3.67904    1.95479
0.601942    3.48828    2.02913
0.599034    3.30033    2.01207
0.596154    3.16059    1.93355
0.593301    3.07817    1.83429
0.590476    3.04059    1.7406
0.587678    3.03162    1.66297
0.584906    3.03869    1.60291
0.58216     3.0538    1.55831
0.579439    3.07227    1.52624
0.576744    3.09151    1.50397
0.574074    3.11017    1.48926
0.571429    3.12756    1.48037
0.568807    3.14339    1.47595
0.56621     3.15755    1.47497
0.563636    3.17007    1.47666
0.561086    3.18102    1.48038
0.558559    3.19052    1.48567
0.556054    3.19868    1.49213
0.553571    3.20562    1.49946
0.551111    3.21149    1.5074
0.548673    3.21639    1.51576
0.546256    3.22046    1.52436
0.54386     3.22382    1.53306
0.541485    3.22659    1.54175
0.53913     3.22888    1.55034
0.536797    3.2308    1.55875
0.534483    3.23249    1.56692
0.532189    3.23404    1.5748
0.529915    3.23556    1.58237
0.52766     3.23717    1.5896
0.525424    3.23897    1.59649
0.523207    3.24107    1.60304
0.521008    3.24357    1.60928
0.518828    3.24658    1.61521
0.516667    3.25018    1.62089
0.514523    3.25448    1.62635
0.512397    3.25958    1.63165
0.510288    3.26554    1.63686
0.508197    3.27247    1.64205
0.506122    3.28044    1.64731
0.504065    3.28953    1.65273
0.502024    3.29979    1.65841
0.5         3.31131    1.66446
0.497992    3.32413    1.67101
0.496       3.3383    1.67819
0.494024    3.35386    1.68613
0.492063    3.37085    1.69499
0.490119    3.38929    1.70492
0.488189    3.40919    1.7161
0.486275    3.43056    1.72869
0.484375    3.45338    1.74288
0.48249     3.47763    1.75888
0.48062     3.50328    1.77688
0.478764    3.53026    1.79711
0.476923    3.5585    1.81979
0.475096    3.58791    1.84516
0.473282    3.61837    1.87346
0.471483    3.64973    1.90496
0.469697    3.68181    1.9399
0.467925    3.71439    1.97858
0.466165    3.74723    2.02125
0.464419    3.78003    2.06818
0.462687    3.81243    2.11966
0.460967    3.84402    2.17594
0.459259    3.87435    2.23725
0.457565    3.90286    2.3038
0.455882    3.92896    2.37576
0.454212    3.95195    2.45322
0.452555    3.97109    2.53622
0.450909    3.98555    2.62467
0.449275    3.99445    2.71837
0.447653    3.99687    2.81697
0.446043    3.99189    2.91994
0.444444    3.9786    3.02656
0.442857    3.95615    3.1359
0.441281    3.92384    3.24686
0.439716    3.88113    3.35812
0.438163    3.82769    3.46822
0.43662     3.7635    3.57561
0.435088    3.68884    3.67868
0.433566    3.60429    3.7759
0.432056    3.51076    3.86584
0.430556    3.40942    3.9473
0.429066    3.30164    4.01932
0.427586    3.18892    4.08125
0.426117    3.07283    4.13278
0.424658    2.95489    4.17387
0.423208    2.83652    4.20476
0.421769    2.71903    4.22595
0.420339    2.60351    4.23806
0.418919    2.49087    4.24188
0.417508    2.38184    4.23824
0.416107    2.27693    4.228
0.414716    2.17651    4.21201
0.413333    2.08081    4.19108
0.41196     1.98992    4.16597
0.410596    1.90384    4.13737
0.409241    1.8225    4.10592
0.407895    1.74577    4.07216
0.406557    1.67349    4.03658
0.405229    1.60545    3.99961
0.403909    1.54144    3.96159
0.402597    1.48124    3.92285
0.401294    1.42462    3.88364
0.4         1.37137    3.84419